2.925614500000000007e+01 9.999949999999999672e-01 3.296807269999999903e+02 1.413001000000000014e-02 1.103694760000000059e+02 8.253876499999999794e+01 2.262086999999999992e-11 1.188204999999999956e-01 -1.896248999999999917e-29 -1.406570999999999907e-34
2.781537799999999905e+01 9.999829999999999552e-01 2.883220339999999737e+02 1.217585000000000021e-02 1.017262479999999982e+02 7.860835199999999645e+01 2.444175999999999985e-11 1.343880000000000075e-01 -5.165546000000000393e-29 -4.008523999999999802e-34
2.644321800000000167e+01 9.999519999999999520e-01 2.572291290000000004e+02 1.071189999999999989e-02 9.661527700000000607e+01 7.486509900000000073e+01 3.478851000000000279e-11 2.003302999999999889e-01 -1.302632000000000104e-28 -1.082148999999999992e-33
2.513639999999999830e+01 9.998749999999999583e-01 2.329262070000000051e+02 9.582382000000000399e-03 9.481370900000000290e+01 7.130010000000000048e+01 5.630640000000000007e-11 3.397447000000000106e-01 -3.104616000000000041e-28 -2.713859000000000094e-33
2.389181100000000058e+01 9.996969999999999468e-01 2.133125400000000127e+02 8.689545999999999382e-03 9.740968200000000365e+01 6.790486099999999681e+01 9.981085999999999462e-11 6.312796000000000518e-01 -6.919837000000000375e-28 -6.345725000000000054e-33
2.270648800000000023e+01 9.993199999999999861e-01 1.970411689999999965e+02 7.969386000000000178e-03 1.040195609999999959e+02 6.467129799999999307e+01 1.772873999999999879e-10 1.175654999999999895e+00 -1.449143000000000053e-27 -1.393031000000000121e-32
2.157760800000000145e+01 9.985659999999999537e-01 1.832128580000000113e+02 7.378454999999999910e-03 1.130116340000000008e+02 6.159171500000000066e+01 3.065825999999999914e-10 2.132054999999999811e+00 -2.876999999999999875e-27 -2.874345000000000172e-32
2.050248500000000007e+01 9.971489999999999521e-01 1.712106430000000046e+02 6.886360999999999698e-03 1.211323160000000030e+02 5.865878000000000014e+01 5.039773000000000191e-10 3.675977000000000050e+00 -5.404784000000000024e-27 -5.576066000000000471e-32
1.947855799999999959e+01 9.946319999999999606e-01 1.606031729999999982e+02 6.471288000000000387e-03 1.263611970000000042e+02 5.586550499999999886e+01 7.910596999999999623e-10 6.052420999999999829e+00 -9.678792000000000044e-27 -1.026110000000000005e-31
1.850338899999999853e+01 9.903800000000000381e-01 1.510846410000000049e+02 6.117232999999999699e-03 1.279989089999999976e+02 5.320524600000000248e+01 1.176624000000000051e-09 9.443913000000000224e+00 -1.656407000000000059e-26 -1.797487999999999928e-31
1.757465699999999842e+01 9.835260000000000113e-01 1.424356329999999957e+02 5.812224000000000383e-03 1.275091299999999990e+02 5.067166499999999729e+01 1.760574000000000087e-09 1.482504999999999917e+01 -2.719380000000000235e-26 -3.011196000000000039e-31
1.669015100000000018e+01 9.729419999999999735e-01 1.344970089999999914e+02 5.547156000000000135e-03 1.243120480000000043e+02 4.825873299999999944e+01 2.409277999999999960e-09 2.128482999999999947e+01 -4.295468999999999944e-26 -4.840877999999999715e-31
1.584776300000000049e+01 9.572260000000000213e-01 1.271519260000000031e+02 5.314997000000000124e-03 1.200356290000000001e+02 4.596069800000000072e+01 3.171063000000000137e-09 2.939294999999999902e+01 -6.552058000000000251e-26 -7.500804000000000210e-31
1.504548999999999914e+01 9.347140000000000448e-01 1.203135649999999970e+02 5.110245000000000239e-03 1.151637609999999938e+02 4.377209700000000225e+01 3.989218000000000193e-09 3.879655999999999949e+01 -9.718932000000000259e-26 -1.128263000000000061e-30
1.428142000000000067e+01 9.035130000000000106e-01 1.139163139999999999e+02 4.928537999999999669e-03 1.100806769999999943e+02 4.168771300000000224e+01 4.851577999999999684e-09 4.950648000000000337e+01 -1.402564000000000016e-25 -1.649085999999999960e-30
1.355373400000000039e+01 8.615540000000000420e-01 1.079098440000000068e+02 4.766379999999999749e-03 1.049562200000000018e+02 3.970258599999999660e+01 5.687619000000000354e-09 6.089589000000000141e+01 -1.977206000000000112e-25 -2.352679999999999865e-30
1.286069999999999958e+01 8.066710000000000269e-01 1.022547210000000035e+02 4.620942999999999752e-03 1.001074119999999965e+02 3.781198899999999696e+01 7.061784999999999928e-09 7.933441999999999439e+01 -2.736650000000000012e-25 -3.293385999999999728e-30
1.220066699999999926e+01 7.366800000000000015e-01 9.691941900000000487e+01 4.489912000000000417e-03 9.518317999999999302e+01 3.601142099999999857e+01 7.860425000000000388e-09 9.265637999999999863e+01 -3.729359000000000210e-25 -4.536926999999999688e-30
1.157206399999999924e+01 6.494739999999999958e-01 9.187814899999999341e+01 4.371380000000000231e-03 9.044047399999999470e+01 3.429659199999999686e+01 8.537632000000000240e-09 1.055965000000000060e+02 -5.052430000000000196e-25 -6.210342999999999996e-30
1.097339500000000001e+01 5.431110000000000104e-01 8.710935299999999870e+01 4.263760000000000119e-03 8.588515499999999747e+01 3.266342300000000165e+01 9.013269999999999420e-09 1.169702999999999946e+02 -6.832554000000000456e-25 -8.478931000000000616e-30
1.040323399999999943e+01 4.158910000000000107e-01 8.259454900000000066e+01 4.165722999999999648e-03 8.153046299999999746e+01 3.110802400000000034e+01 9.318557000000000001e-09 1.268887000000000000e+02 -9.234371000000000912e-25 -1.156213000000000006e-29
9.860224000000000544e+00 2.664239999999999942e-01 7.831760900000000447e+01 4.076147999999999924e-03 7.737131499999999562e+01 2.962668999999999997e+01 9.413481000000000779e-09 1.344944999999999879e+02 -1.261018000000000061e-24 -1.591658000000000075e-29
9.343071000000000126e+00 9.367799999999999738e-02 7.426415299999999320e+01 3.994084000000000176e-03 7.349967399999999884e+01 2.821589799999999926e+01 1.048304999999999969e-08 1.571556999999999960e+02 -1.729542999999999859e-24 -2.198795000000000100e-29
8.850543999999999301e+00 0.000000000000000000e+00 7.042118700000000331e+01 3.918716000000000040e-03 6.972019699999999887e+01 2.687228400000000050e+01 1.026803999999999921e-08 1.615130000000000052e+02 -2.374597999999999975e-24 -3.037686000000000247e-29
8.381470999999999449e+00 0.000000000000000000e+00 6.677677199999999402e+01 3.849345000000000110e-03 6.612483899999999437e+01 2.559265200000000107e+01 9.914676999999999386e-09 1.636343999999999994e+02 -2.750957999999999901e-24 -3.544610999999999748e-29
7.934733999999999732e+00 0.000000000000000000e+00 6.331982299999999952e+01 3.785366999999999985e-03 6.270208699999999880e+01 2.437395499999999871e+01 9.394137000000000272e-09 1.626776000000000124e+02 -2.938125000000000153e-24 -3.814979000000000195e-29
7.509272000000000169e+00 0.000000000000000000e+00 6.003995499999999907e+01 3.726259999999999902e-03 5.944799299999999675e+01 2.321329300000000018e+01 8.799848000000000568e-09 1.598890000000000100e+02 -3.095741999999999983e-24 -4.048410000000000111e-29
7.104068999999999967e+00 0.000000000000000000e+00 5.692734399999999795e+01 3.671563999999999991e-03 5.635160599999999675e+01 2.210790000000000077e+01 8.119736999999999792e-09 1.547955000000000041e+02 -3.222055999999999848e-24 -4.241607999999999804e-29
6.718161000000000271e+00 0.000000000000000000e+00 5.397265399999999858e+01 3.620879999999999932e-03 5.340647799999999989e+01 2.105514300000000105e+01 7.408070000000000041e-09 1.481812999999999931e+02 -3.315909999999999823e-24 -4.392137000000000200e-29
6.350629999999999775e+00 0.000000000000000000e+00 5.116689499999999668e+01 3.573854999999999914e-03 5.060513000000000261e+01 2.005251799999999918e+01 6.696893999999999642e-09 1.405509000000000128e+02 -3.377956999999999914e-24 -4.500059999999999844e-29
6.000600000000000378e+00 0.000000000000000000e+00 4.850139000000000067e+01 3.530178000000000135e-03 4.794010000000000105e+01 1.909763799999999989e+01 6.010080000000000405e-09 1.323465999999999951e+02 -3.408802999999999862e-24 -4.565480999999999983e-29
