2.925614500000000007e+01 9.999940000000000495e-01 4.826790129999999976e+02 1.593989000000000170e-02 3.488824829999999793e+02 8.253876499999999794e+01 2.119412000000000043e-09 1.124342000000000041e+01 -4.173735000000000113e-05 -2.635013000000000215e-10
2.781537799999999905e+01 9.999829999999999552e-01 4.409235590000000116e+02 1.399422999999999986e-02 1.261341469999999987e+02 7.860835199999999645e+01 8.112507999999999868e-11 4.513132000000000255e-01 -1.048946000000000036e-04 -7.947775999999999790e-10
2.644321800000000167e+01 9.999519999999999520e-01 4.119706850000000031e+02 1.251978999999999939e-02 1.160694019999999966e+02 7.486509900000000073e+01 7.295600999999999662e-11 4.258373999999999771e-01 -2.670765999999999765e-04 -2.134757000000000055e-09
2.513639999999999830e+01 9.998740000000000405e-01 3.900016650000000027e+02 1.137582999999999997e-02 1.074635729999999967e+02 7.130010000000000048e+01 6.607948000000000310e-11 4.047927000000000053e-01 -6.410561000000000167e-04 -5.337447000000000294e-09
2.389181100000000058e+01 9.996969999999999468e-01 3.718549070000000256e+02 1.046787000000000065e-02 1.010812640000000044e+02 6.790486099999999681e+01 6.441135999999999707e-11 4.141701999999999884e-01 -1.445340000000000036e-03 -1.242884000000000027e-08
2.270648800000000023e+01 9.993180000000000396e-01 3.558347779999999716e+02 9.732144999999999338e-03 9.761066700000000651e+01 6.467129799999999307e+01 7.103975999999999819e-11 4.795169000000000237e-01 -3.070873000000000005e-03 -2.715520000000000152e-08
2.157760800000000145e+01 9.985629999999999784e-01 3.410419400000000110e+02 9.125019999999999312e-03 9.785622999999999649e+01 6.159171500000000066e+01 8.962915999999999813e-11 6.351320999999999772e-01 -6.144473000000000122e-03 -5.589802000000000174e-08
2.050248500000000007e+01 9.971440000000000303e-01 3.270063190000000191e+02 8.616046999999999942e-03 1.021113200000000063e+02 5.865878000000000014e+01 1.232761000000000103e-10 9.171082000000000400e-01 -1.157692999999999917e-02 -1.084124000000000000e-07
1.947855799999999959e+01 9.946220000000000061e-01 3.134894509999999741e+02 8.183535999999999935e-03 1.103282820000000015e+02 5.586550499999999886e+01 1.760635999999999947e-10 1.375126999999999988e+00 -2.076391000000000001e-02 -1.995582999999999957e-07
1.850338899999999853e+01 9.903629999999999933e-01 3.003780239999999822e+02 7.811715000000000325e-03 1.212328059999999965e+02 5.320524600000000248e+01 2.495196000000000097e-10 2.046005000000000074e+00 -3.557145999999999919e-02 -3.496420000000000017e-07
1.757465699999999842e+01 9.834979999999999833e-01 2.876261069999999904e+02 7.488891999999999598e-03 1.359982369999999889e+02 5.067166499999999729e+01 3.634242000000000177e-10 3.128547000000000189e+00 -5.844740999999999825e-02 -5.858464999999999778e-07
1.669015100000000018e+01 9.728970000000000118e-01 2.752235190000000102e+02 7.206249999999999982e-03 1.479818410000000029e+02 4.825873299999999944e+01 4.908871999999999838e-10 4.436341999999999786e+00 -9.238171000000000577e-02 -9.420474999999999789e-07
1.584776300000000049e+01 9.571549999999999780e-01 2.631781829999999900e+02 6.957038999999999931e-03 1.578812670000000082e+02 4.596069800000000072e+01 6.414433999999999565e-10 6.085657000000000316e+00 -1.410264999999999991e-01 -1.460165000000000105e-06
1.504548999999999914e+01 9.346060000000000478e-01 2.515070599999999956e+02 6.736027999999999807e-03 1.645309509999999875e+02 4.377209700000000225e+01 8.036475000000000416e-10 8.004132999999999498e+00 -2.093408999999999964e-01 -2.196619999999999985e-06
1.428142000000000067e+01 9.033550000000000191e-01 2.402297110000000089e+02 6.539118000000000014e-03 1.682983270000000005e+02 4.168771300000000224e+01 9.749861999999999889e-10 1.019388999999999967e+01 -3.023785999999999974e-01 -3.210704000000000134e-06
1.355373400000000039e+01 8.613300000000000400e-01 2.293662899999999922e+02 6.363073999999999814e-03 1.692757019999999955e+02 3.970258599999999660e+01 1.141293000000000021e-09 1.252641000000000027e+01 -4.268389000000000211e-01 -4.580341999999999895e-06
1.286069999999999958e+01 8.063599999999999657e-01 2.189366620000000125e+02 6.205343000000000317e-03 1.713096390000000042e+02 3.781198899999999696e+01 1.415405999999999941e-09 1.630799999999999983e+01 -5.918607000000000173e-01 -6.410757999999999786e-06
1.220066699999999926e+01 7.362600000000000255e-01 2.089598970000000122e+02 6.063910999999999954e-03 1.684256650000000093e+02 3.601142099999999857e+01 1.574559000000000084e-09 1.904413999999999874e+01 -8.085793999999999482e-01 -8.830359999999999935e-06
1.157206399999999924e+01 6.489190000000000236e-01 1.994590939999999932e+02 5.937259000000000286e-03 1.644361340000000098e+02 3.429659199999999686e+01 1.709540000000000075e-09 2.170529000000000153e+01 -1.098419000000000034e+00 -1.208098999999999934e-05
1.097339500000000001e+01 5.423909999999999565e-01 1.904625159999999937e+02 5.824305999999999581e-03 1.595632040000000131e+02 3.266342300000000165e+01 1.804298999999999954e-09 2.404815999999999931e+01 -1.490364000000000022e+00 -1.649062999999999969e-05
1.040323399999999943e+01 4.149740000000000095e-01 1.820034740000000113e+02 5.724367999999999644e-03 1.542775739999999871e+02 3.110802400000000034e+01 1.865061000000000080e-09 2.609531000000000134e+01 -2.020424000000000220e+00 -2.246947000000000020e-05
9.860224000000000544e+00 2.652740000000000098e-01 1.741388959999999884e+02 5.637320000000000352e-03 1.487394740000000013e+02 2.962668999999999997e+01 1.883810999999999834e-09 2.767051000000000016e+01 -2.766424000000000216e+00 -3.089086999999999720e-05
9.343071000000000126e+00 9.225500000000000367e-02 1.669399830000000122e+02 5.563509000000000336e-03 1.454265310000000113e+02 2.821589799999999926e+01 2.097537999999999959e-09 3.234662999999999755e+01 -3.810630999999999879e+00 -4.267771000000000037e-05
8.850543999999999301e+00 0.000000000000000000e+00 1.604888249999999914e+02 5.503702000000000073e-03 1.400893670000000100e+02 2.687228400000000050e+01 2.054386999999999846e-09 3.326353999999999900e+01 -5.246159999999999712e+00 -5.886119999999999813e-05
8.381470999999999449e+00 0.000000000000000000e+00 1.543688620000000071e+02 5.453406000000000052e-03 1.347690470000000005e+02 2.559265200000000107e+01 1.983575999999999851e-09 3.372169999999999845e+01 -6.094682999999999851e+00 -6.856726000000000053e-05
7.934733999999999732e+00 0.000000000000000000e+00 1.483650350000000060e+02 5.409571000000000171e-03 1.292594579999999951e+02 2.437395499999999871e+01 1.879347999999999909e-09 3.354554999999999865e+01 -6.532225999999999644e+00 -7.373423999999999896e-05
7.509272000000000169e+00 0.000000000000000000e+00 1.424748370000000079e+02 5.371184999999999675e-03 1.237023200000000003e+02 2.321329300000000018e+01 1.760391999999999973e-09 3.299103000000000208e+01 -6.905931999999999960e+00 -7.818117000000000079e-05
7.104068999999999967e+00 0.000000000000000000e+00 1.366940160000000049e+02 5.337347000000000098e-03 1.180489830000000069e+02 2.210790000000000077e+01 1.624291000000000094e-09 3.195957999999999899e+01 -7.211001000000000438e+00 -8.184694000000000008e-05
6.718161000000000271e+00 0.000000000000000000e+00 1.310178219999999953e+02 5.307265000000000246e-03 1.123646350000000069e+02 2.105514300000000105e+01 1.481893000000000065e-09 3.061229000000000156e+01 -7.443965000000000387e+00 -8.468711000000000511e-05
6.350629999999999775e+00 0.000000000000000000e+00 1.254426639999999935e+02 5.280253000000000377e-03 1.066847640000000013e+02 2.005251799999999918e+01 1.339604999999999946e-09 2.905280000000000129e+01 -7.605482000000000298e+00 -8.670539000000000436e-05
6.000600000000000378e+00 0.000000000000000000e+00 1.199657930000000050e+02 5.255721999999999998e-03 1.010415289999999970e+02 1.909763799999999989e+01 1.202200000000000046e-09 2.737220999999999904e+01 -7.696162000000000170e+00 -8.790602999999999698e-05
