2.925614500000000007e+01 9.999949999999999672e-01 1.922096300000000113e+01 2.222555999999999935e-04 7.436933600000000411e+01 8.253876499999999794e+01 3.269616999999999840e-12 1.350947000000000085e-02 -7.072339999999999786e-30 -1.835218000000000006e-34
2.781537799999999905e+01 9.999829999999999552e-01 1.737217300000000009e+01 2.194824999999999912e-04 6.783393900000000087e+01 7.860835199999999645e+01 8.240941000000000801e-12 3.543587000000000126e-02 -1.976206999999999959e-29 -5.139203999999999589e-34
2.644321800000000167e+01 9.999519999999999520e-01 1.569892399999999988e+01 2.168139999999999879e-04 5.745020600000000144e+01 7.486509900000000073e+01 1.943817999999999907e-11 8.688023000000000273e-02 -5.180946000000000545e-29 -1.352373999999999998e-33
2.513639999999999830e+01 9.998759999999999870e-01 1.418505700000000047e+01 2.142447999999999922e-04 4.413832500000000181e+01 7.130010000000000048e+01 4.230843999999999819e-11 1.963403999999999983e-01 -1.273922999999999909e-28 -3.336909999999999824e-33
2.389181100000000058e+01 9.997000000000000330e-01 1.281582099999999969e+01 2.117699999999999867e-04 3.116205000000000069e+01 6.790486099999999681e+01 8.740343999999999860e-11 4.207405000000000173e-01 -2.924017000000000131e-28 -7.683011000000000164e-33
2.270648800000000023e+01 9.993250000000000188e-01 1.157776600000000045e+01 2.093850000000000019e-04 2.187859699999999918e+01 6.467129799999999307e+01 1.665221999999999877e-10 8.305907000000000151e-01 -6.309050999999999710e-28 -1.662477000000000075e-32
2.157760800000000145e+01 9.985770000000000479e-01 1.045863899999999980e+01 2.070855999999999880e-04 1.605414199999999880e+01 6.159171500000000066e+01 2.973917999999999987e-10 1.535749000000000031e+00 -1.284219999999999962e-27 -3.393661999999999823e-32
2.050248500000000007e+01 9.971700000000000008e-01 9.447281999999999513e+00 2.048678999999999973e-04 1.254468899999999998e+01 5.865878000000000014e+01 4.962254000000000347e-10 2.650816999999999979e+00 -2.461672999999999881e-27 -6.522214999999999605e-32
1.947855799999999959e+01 9.946669999999999678e-01 8.533540000000000347e+00 2.027282999999999950e-04 1.030277500000000046e+01 5.586550499999999886e+01 7.845808000000000417e-10 4.332037999999999833e+00 -4.485120999999999866e-27 -1.191234999999999960e-31
1.850338899999999853e+01 9.904399999999999871e-01 7.708183000000000007e+00 2.006633999999999870e-04 8.767165000000000319e+00 5.320524600000000248e+01 1.171246000000000031e-09 6.678983999999999810e+00 -7.794755000000000386e-27 -2.075523999999999789e-31
1.757465699999999842e+01 9.836240000000000538e-01 6.962818999999999647e+00 1.986701000000000005e-04 7.590149000000000257e+00 5.067166499999999729e+01 1.756130999999999920e-09 1.033430000000000071e+01 -1.295041999999999962e-26 -3.456461999999999998e-31
1.669015100000000018e+01 9.730940000000000145e-01 6.289827999999999975e+00 1.967453999999999883e-04 6.696857999999999755e+00 4.825873299999999944e+01 2.405621000000000124e-09 1.459544999999999959e+01 -2.068115000000000086e-26 -5.531818999999999802e-31
1.584776300000000049e+01 9.574549999999999450e-01 5.682292999999999594e+00 1.948867000000000123e-04 5.957156999999999591e+00 4.596069800000000072e+01 3.168060999999999820e-09 1.979925000000000068e+01 -3.183876999999999784e-26 -8.534716000000000636e-31
1.504548999999999914e+01 9.350490000000000190e-01 5.133938999999999808e+00 1.930913999999999992e-04 5.328348000000000084e+00 4.377209700000000225e+01 3.986758000000000183e-09 2.564079999999999870e+01 -4.762729000000000026e-26 -1.279484999999999945e-30
1.428142000000000067e+01 9.039869999999999850e-01 4.639075000000000060e+00 1.913570999999999979e-04 4.781634000000000384e+00 4.168771300000000224e+01 4.849564000000000398e-09 3.206490999999999758e+01 -6.925708000000000066e-26 -1.864421999999999907e-30
1.355373400000000039e+01 8.622100000000000319e-01 4.192543999999999826e+00 1.896815999999999899e-04 4.301256999999999664e+00 3.970258599999999660e+01 5.685971999999999770e-09 3.860918999999999812e+01 -9.832420999999999815e-26 -2.652103999999999983e-30
1.286069999999999958e+01 8.075560000000000516e-01 3.789674000000000209e+00 1.880626000000000042e-04 3.867968999999999991e+00 3.781198899999999696e+01 7.060439000000000169e-09 4.918093999999999966e+01 -1.369896999999999924e-25 -3.701894000000000247e-30
1.220066699999999926e+01 7.378470000000000306e-01 3.426234000000000002e+00 1.864982999999999962e-04 3.489294000000000118e+00 3.601142099999999857e+01 7.859324000000000146e-09 5.609662000000000148e+01 -1.877931999999999960e-25 -5.083821000000000232e-30
1.157206399999999924e+01 6.509829999999999783e-01 3.098393999999999870e+00 1.849866999999999885e-04 3.150650000000000173e+00 3.429659199999999686e+01 8.536731999999999550e-09 6.236572999999999922e+01 -2.559796000000000088e-25 -6.942226000000000672e-30
1.097339500000000001e+01 5.450239999999999529e-01 2.802687999999999846e+00 1.835259000000000109e-04 2.847436000000000078e+00 3.266342300000000165e+01 9.012533999999999723e-09 6.731887999999999295e+01 -3.478301999999999892e-25 -9.448715000000000198e-30
1.040323399999999943e+01 4.182750000000000079e-01 2.535982000000000181e+00 1.821141999999999986e-04 2.575264000000000220e+00 3.110802400000000034e+01 9.317955000000000007e-09 7.109246000000000265e+01 -4.727861999999999733e-25 -1.286398999999999940e-29
9.860224000000000544e+00 2.693470000000000031e-01 2.295440000000000147e+00 1.807498999999999955e-04 2.330827000000000204e+00 2.962668999999999997e+01 9.412988999999999454e-09 7.329957000000000278e+01 -6.484462000000000086e-25 -1.767248999999999934e-29
9.343071000000000126e+00 9.720900000000000374e-02 2.078500000000000014e+00 1.794313999999999978e-04 2.107479999999999798e+00 2.821589799999999926e+01 1.048264999999999957e-08 8.326631000000000427e+01 -8.927687000000000447e-25 -2.436715000000000118e-29
8.850543999999999301e+00 0.000000000000000000e+00 1.882845000000000102e+00 1.781572000000000093e-04 1.909907000000000021e+00 2.687228400000000050e+01 1.026770999999999990e-08 8.320743000000000222e+01 -1.232574000000000020e-24 -3.368870000000000095e-29
8.381470999999999449e+00 0.000000000000000000e+00 1.706380999999999926e+00 1.769255999999999921e-04 1.732123000000000079e+00 2.559265200000000107e+01 9.914407999999999664e-09 8.204068999999999789e+01 -1.436602000000000071e-24 -3.932509000000000010e-29
7.934733999999999732e+00 0.000000000000000000e+00 1.547217999999999982e+00 1.757352999999999910e-04 1.572235000000000049e+00 2.437395499999999871e+01 9.393916999999999625e-09 7.954170999999999481e+01 -1.541305000000000012e-24 -4.225453999999999858e-29
7.509272000000000169e+00 0.000000000000000000e+00 1.403645999999999949e+00 1.745845999999999954e-04 1.428271000000000068e+00 2.321329300000000018e+01 8.799667000000000773e-09 7.653633999999999560e+01 -1.630750999999999977e-24 -4.477165000000000231e-29
7.104068999999999967e+00 0.000000000000000000e+00 1.274121000000000059e+00 1.734723000000000027e-04 1.298745000000000038e+00 2.210790000000000077e+01 8.119589000000000591e-09 7.300203999999999382e+01 -1.703774999999999837e-24 -4.684232000000000094e-29
6.718161000000000271e+00 0.000000000000000000e+00 1.157248999999999972e+00 1.723968999999999892e-04 1.182069000000000036e+00 2.105514300000000105e+01 7.407949000000000347e-09 6.951843999999999824e+01 -1.759554999999999991e-24 -4.844180000000000044e-29
6.350629999999999775e+00 0.000000000000000000e+00 1.051770000000000094e+00 1.713569999999999926e-04 1.076383000000000090e+00 2.005251799999999918e+01 6.696795000000000344e-09 6.651488000000000511e+01 -1.798258000000000119e-24 -4.957263000000000002e-29
6.000600000000000378e+00 0.000000000000000000e+00 9.565609999999999946e-01 1.703513000000000032e-04 8.546890000000000320e-01 1.909763799999999989e+01 6.009997999999999908e-09 6.433319000000000187e+01 -1.820054000000000046e-24 -5.023755000000000082e-29
