2.925614500000000007e+01 9.999949999999999672e-01 1.049929290000000037e+02 3.738085999999999839e-03 8.626273799999999881e+01 8.253876499999999794e+01 1.364610000000000019e-11 6.827653999999999668e-02 -2.557519999999999867e-05 -3.330479000000000054e-10
2.781537799999999905e+01 9.999829999999999552e-01 9.847191100000000574e+01 3.458544000000000028e-03 8.158377000000000123e+01 7.860835199999999645e+01 1.160014000000000069e-11 6.082744999999999819e-02 -7.034926000000000482e-05 -9.372404000000000881e-10
2.644321800000000167e+01 9.999519999999999520e-01 9.245987100000000680e+01 3.227527000000000000e-03 7.735892900000000338e+01 7.486509900000000073e+01 1.198796999999999986e-11 6.588022999999999796e-02 -1.798834999999999931e-04 -2.486029999999999944e-09
2.513639999999999830e+01 9.998749999999999583e-01 8.688062499999999488e+01 3.033403000000000054e-03 7.354481099999999572e+01 7.130010000000000048e+01 1.504322000000000141e-11 8.664776000000000422e-02 -4.340441000000000004e-04 -6.165860999999999952e-09
2.389181100000000058e+01 9.996990000000000043e-01 8.167917599999999823e+01 2.868017000000000049e-03 7.018147600000000352e+01 6.790486099999999681e+01 2.282249000000000124e-11 1.378018000000000021e-01 -9.818766000000000039e-04 -1.426165999999999974e-08
2.270648800000000023e+01 9.993239999999999901e-01 7.681460199999999361e+01 2.725475000000000207e-03 6.725599400000000117e+01 6.467129799999999307e+01 3.763771000000000159e-11 2.382433999999999941e-01 -2.092937999999999917e-03 -3.097671999999999682e-08
2.157760800000000145e+01 9.985730000000000439e-01 7.225562600000000657e+01 2.601413999999999810e-03 6.470441900000000146e+01 6.159171500000000066e+01 6.299322000000000449e-11 4.180367999999999862e-01 -4.216125000000000254e-03 -6.341508999999999799e-08
2.050248500000000007e+01 9.971630000000000216e-01 6.797776899999999500e+01 2.492540000000000120e-03 6.234332899999999711e+01 5.865878000000000014e+01 1.020970000000000017e-10 7.103057000000000398e-01 -8.009903000000000509e-03 -1.221952000000000009e-07
1.947855799999999959e+01 9.946549999999999558e-01 6.396160900000000282e+01 2.396324999999999931e-03 5.999205800000000011e+01 5.586550499999999886e+01 1.592319999999999936e-10 1.161340999999999957e+00 -1.448016000000000060e-02 -2.237306000000000116e-07
1.850338899999999853e+01 9.904190000000000493e-01 6.019158199999999681e+01 2.310810999999999855e-03 5.751081800000000044e+01 5.320524600000000248e+01 2.361320000000000072e-10 1.805382000000000042e+00 -2.497666999999999943e-02 -3.902951000000000073e-07
1.757465699999999842e+01 9.835890000000000466e-01 5.665514199999999789e+01 2.234466000000000056e-03 5.495873600000000181e+01 5.067166499999999729e+01 3.527598000000000188e-10 2.827355999999999980e+00 -4.125295999999999824e-02 -6.514787999999999957e-07
1.669015100000000018e+01 9.730389999999999873e-01 5.334217999999999904e+01 2.166088999999999948e-03 5.225113400000000041e+01 4.825873299999999944e+01 4.823764999999999627e-10 4.052810000000000024e+00 -6.546483000000000163e-02 -1.044330000000000088e-06
1.584776300000000049e+01 9.573709999999999720e-01 5.024456099999999736e+01 2.104742000000000158e-03 4.954332000000000136e+01 4.596069800000000072e+01 6.346382000000000388e-10 5.589361000000000246e+00 -1.002219000000000027e-01 -1.613722000000000082e-06
1.504548999999999914e+01 9.349239999999999773e-01 4.735630299999999693e+01 2.049699999999999786e-03 4.689831399999999917e+01 4.377209700000000225e+01 7.981956000000000390e-10 7.369194000000000244e+00 -1.491872999999999949e-01 -2.421957999999999961e-06
1.428142000000000067e+01 9.038089999999999735e-01 4.467264600000000030e+01 2.000407999999999960e-03 4.436849999999999739e+01 4.168771300000000224e+01 9.706106000000000066e-10 9.393890000000000740e+00 -2.159738999999999964e-01 -3.532806000000000036e-06
1.355373400000000039e+01 8.619599999999999485e-01 4.219042000000000314e+01 1.956461000000000051e-03 4.198236800000000102e+01 3.970258599999999660e+01 1.137775000000000034e-09 1.154447000000000045e+01 -3.054054999999999964e-01 -5.029335000000000188e-06
1.286069999999999958e+01 8.072150000000000158e-01 3.990862099999999657e+01 1.917590000000000050e-03 3.977200899999999706e+01 3.781198899999999696e+01 1.412574999999999953e-09 1.502796999999999983e+01 -4.242416999999999994e-01 -7.027589000000000183e-06
1.220066699999999926e+01 7.373929999999999652e-01 3.782806899999999928e+01 1.883647999999999920e-03 3.772610699999999895e+01 3.601142099999999857e+01 1.572276999999999946e-09 1.754031000000000162e+01 -5.801975000000000326e-01 -9.660463000000000548e-06
1.157206399999999924e+01 6.503889999999999949e-01 3.595565599999999762e+01 1.854671000000000011e-03 3.587323899999999810e+01 3.429659199999999686e+01 1.707699000000000102e-09 1.998149000000000086e+01 -7.892265000000000530e-01 -1.319813999999999931e-05
1.097339500000000001e+01 5.442630000000000523e-01 3.430439499999999953e+01 1.830875999999999944e-03 3.422994200000000120e+01 3.266342300000000165e+01 1.802813000000000028e-09 2.213084999999999880e+01 -1.071503000000000094e+00 -1.797971000000000069e-05
1.040323399999999943e+01 4.173149999999999915e-01 3.289525199999999927e+01 1.812706999999999990e-03 3.281927499999999753e+01 3.110802400000000034e+01 1.863862000000000031e-09 2.401411999999999836e+01 -1.455128999999999895e+00 -2.448226999999999896e-05
9.860224000000000544e+00 2.681540000000000035e-01 3.176899200000000079e+01 1.801024999999999935e-03 3.168128899999999959e+01 2.962668999999999997e+01 1.882844000000000121e-09 2.547526999999999830e+01 -1.996316999999999897e+00 -3.363987000000000086e-05
9.343071000000000126e+00 9.574299999999999478e-02 3.097879199999999855e+01 1.797027999999999993e-03 3.087865000000000038e+01 2.821589799999999926e+01 2.096760000000000109e-09 2.981606999999999985e+01 -2.751799999999999802e+00 -4.639173000000000043e-05
8.850543999999999301e+00 0.000000000000000000e+00 3.059771299999999883e+01 1.802362999999999969e-03 3.046181400000000039e+01 2.687228400000000050e+01 2.053765000000000093e-09 3.072361000000000075e+01 -3.804320999999999842e+00 -6.407204999999999585e-05
8.381470999999999449e+00 0.000000000000000000e+00 3.033860999999999919e+01 1.812777000000000008e-03 3.016132899999999850e+01 2.559265200000000107e+01 1.983077000000000017e-09 3.121775999999999840e+01 -4.442428999999999739e+00 -7.470925999999999696e-05
7.934733999999999732e+00 0.000000000000000000e+00 3.004121599999999859e+01 1.825421000000000031e-03 2.982063499999999934e+01 2.437395499999999871e+01 1.878946999999999881e-09 3.112154999999999916e+01 -4.779607000000000383e+00 -8.024704999999999599e-05
7.509272000000000169e+00 0.000000000000000000e+00 2.969683900000000065e+01 1.839654000000000029e-03 2.943137099999999862e+01 2.321329300000000018e+01 1.760071000000000011e-09 3.066872000000000043e+01 -5.072423999999999822e+00 -8.499378000000000466e-05
7.104068999999999967e+00 0.000000000000000000e+00 2.929696300000000164e+01 1.854902000000000070e-03 2.898326499999999939e+01 2.210790000000000077e+01 1.624032000000000043e-09 2.976517000000000124e+01 -5.316595999999999655e+00 -8.888637000000000122e-05
6.718161000000000271e+00 0.000000000000000000e+00 2.883392800000000022e+01 1.870651000000000085e-03 2.846899700000000166e+01 2.105514300000000105e+01 1.481684000000000030e-09 2.855871000000000137e+01 -5.508763000000000076e+00 -9.187978999999999331e-05
6.350629999999999775e+00 0.000000000000000000e+00 2.830213099999999926e+01 1.886464000000000023e-03 2.788332199999999972e+01 2.005251799999999918e+01 1.339436999999999952e-09 2.714493999999999829e+01 -5.648602000000000345e+00 -9.398107999999999907e-05
6.000600000000000378e+00 0.000000000000000000e+00 2.769777399999999901e+01 1.901970000000000006e-03 2.722316999999999965e+01 1.909763799999999989e+01 1.202063000000000009e-09 2.560875000000000057e+01 -5.735807999999999574e+00 -9.519762999999999338e-05
