2.925614500000000007e+01 9.999949999999999672e-01 2.186968200000000095e+01 2.960187999999999990e-04 7.555711200000000360e+01 8.253876499999999794e+01 1.075252000000000031e-12 4.566596000000000023e-03 -1.476713999999999902e-04 -3.658414000000000019e-09
2.781537799999999905e+01 9.999829999999999552e-01 1.990545799999999943e+01 2.914796000000000205e-04 7.227258000000000493e+01 7.860835199999999645e+01 1.981351000000000006e-12 8.780028999999999959e-03 -4.153736000000000103e-04 -1.023967000000000007e-08
2.644321800000000167e+01 9.999519999999999520e-01 1.812341899999999839e+01 2.871772999999999991e-04 6.784891700000000014e+01 7.486509900000000073e+01 4.171888000000000368e-12 1.926011000000000042e-02 -1.097197000000000059e-03 -2.692832000000000075e-08
2.513639999999999830e+01 9.998759999999999870e-01 1.650829399999999936e+01 2.831258000000000125e-04 6.156715899999999664e+01 7.130010000000000048e+01 8.706864000000000612e-12 4.181714000000000264e-02 -2.703018000000000174e-03 -6.643136000000000333e-08
2.389181100000000058e+01 9.997000000000000330e-01 1.504709300000000027e+01 2.793658000000000079e-04 5.277769200000000183e+01 6.790486099999999681e+01 1.769658000000000092e-11 8.835084999999999467e-02 -6.204491000000000346e-03 -1.529604000000000096e-07
2.270648800000000023e+01 9.993250000000000188e-01 1.372964999999999947e+01 2.759824999999999822e-04 4.248456699999999842e+01 6.467129799999999307e+01 3.350135999999999731e-11 1.738167999999999935e-01 -1.338012000000000055e-02 -3.310228999999999935e-07
2.157760800000000145e+01 9.985770000000000479e-01 1.254935599999999951e+01 2.731305999999999968e-04 3.250558900000000051e+01 6.159171500000000066e+01 5.966754999999999368e-11 3.216621000000000064e-01 -2.722188000000000038e-02 -6.757969000000000340e-07
2.050248500000000007e+01 9.971689999999999721e-01 1.150374200000000080e+01 2.710572999999999975e-04 2.456661499999999876e+01 5.865878000000000014e+01 9.943836999999999728e-11 5.570545000000000080e-01 -5.215573999999999905e-02 -1.299020999999999916e-06
1.947855799999999959e+01 9.946669999999999678e-01 1.059572400000000059e+01 2.701426000000000044e-04 1.892236899999999977e+01 5.586550499999999886e+01 1.571262999999999881e-10 9.152381000000000544e-01 -9.504817000000000127e-02 -2.372806999999999947e-06
1.850338899999999853e+01 9.904389999999999583e-01 9.834341999999999473e+00 2.709317999999999731e-04 1.519246000000000052e+01 5.320524600000000248e+01 2.344891000000000066e-10 1.422020999999999979e+00 -1.653586999999999974e-01 -4.134104000000000052e-06
1.757465699999999842e+01 9.836230000000000251e-01 9.235177999999999443e+00 2.741544999999999854e-04 1.259737900000000010e+01 5.067166499999999729e+01 3.515079999999999922e-10 2.224089000000000205e+00 -2.753837000000000090e-01 -6.883869999999999874e-06
1.669015100000000018e+01 9.730919999999999570e-01 8.821315999999999491e+00 2.807608000000000174e-04 1.110568300000000086e+01 4.825873299999999944e+01 4.814588000000000414e-10 3.189986000000000210e+00 -4.413769000000000164e-01 -1.101485000000000009e-05
1.584776300000000049e+01 9.574519999999999698e-01 8.623295000000000599e+00 2.919225000000000227e-04 1.024130300000000027e+01 4.596069800000000072e+01 6.340083999999999713e-10 4.420733000000000246e+00 -6.831085999999999547e-01 -1.698809000000000018e-05
1.504548999999999914e+01 9.350420000000000398e-01 8.683424000000000476e+00 3.091252000000000062e-04 9.892314000000000718e+00 4.377209700000000225e+01 7.978167000000000249e-10 5.890712999999999866e+00 -1.029617000000000004e+00 -2.545291999999999957e-05
1.428142000000000067e+01 9.039760000000000018e-01 9.053653000000000617e+00 3.340870999999999815e-04 9.999682999999999211e+00 4.168771300000000224e+01 9.704512000000000661e-10 7.640418000000000376e+00 -1.513033000000000072e+00 -3.705842999999999952e-05
1.355373400000000039e+01 8.621900000000000119e-01 9.801116000000000383e+00 3.688354999999999824e-04 1.057840700000000034e+01 3.970258599999999660e+01 1.137808000000000007e-09 9.615147000000000332e+00 -2.178704000000000196e+00 -5.265532999999999921e-05
1.286069999999999958e+01 8.075210000000000443e-01 1.101606800000000064e+01 4.158189000000000178e-04 1.162377299999999991e+01 3.781198899999999696e+01 1.412777999999999937e-09 1.287958000000000069e+01 -3.092255999999999894e+00 -7.338524999999999335e-05
1.220066699999999926e+01 7.377869999999999706e-01 1.281606400000000079e+01 4.779194999999999971e-04 1.334297499999999914e+01 3.601142099999999857e+01 1.572631000000000088e-09 1.552002000000000059e+01 -4.339761000000000202e+00 -1.005862999999999961e-04
1.157206399999999924e+01 6.508810000000000429e-01 1.537922200000000039e+01 5.592124999999999657e-04 1.583256599999999992e+01 3.429659199999999686e+01 1.708193999999999902e-09 1.826951999999999998e+01 -6.079037999999999720e+00 -1.370071000000000049e-04
1.097339500000000001e+01 5.448539999999999495e-01 1.893293600000000154e+01 6.650217000000000368e-04 1.929796400000000034e+01 3.266342300000000165e+01 1.803443000000000056e-09 2.088549000000000078e+01 -8.487645000000000550e+00 -1.859705999999999978e-04
1.040323399999999943e+01 4.179950000000000054e-01 2.382264400000000037e+01 8.024436000000000025e-04 2.404265799999999942e+01 3.110802400000000034e+01 1.864625000000000062e-09 2.333220999999999989e+01 -1.190249000000000024e+01 -2.522811999999999928e-04
9.860224000000000544e+00 2.688940000000000219e-01 3.063536200000000065e+01 9.821992000000000743e-04 3.057842300000000080e+01 2.962668999999999997e+01 1.883748000000000018e-09 2.540217000000000169e+01 -1.696980999999999895e+01 -3.449619999999999813e-04
9.343071000000000126e+00 9.648400000000000032e-02 4.018058500000000066e+01 1.217753999999999929e-03 3.962138800000000316e+01 2.821589799999999926e+01 2.097812000000000035e-09 3.039251000000000147e+01 -2.446387999999999963e+01 -4.729485999999999868e-04
8.850543999999999301e+00 0.000000000000000000e+00 5.341494699999999796e+01 1.526765000000000023e-03 5.182703800000000172e+01 2.687228400000000050e+01 2.054975999999999832e-09 3.187834000000000145e+01 -3.518710999999999700e+01 -6.495694999999999681e-04
8.381470999999999449e+00 0.000000000000000000e+00 6.805149699999999768e+01 1.866142000000000105e-03 6.482752800000000093e+01 2.559265200000000107e+01 1.984237000000000042e-09 3.277398000000000167e+01 -4.286932999999999794e+01 -7.520108999999999865e-04
7.934733999999999732e+00 0.000000000000000000e+00 8.257685800000000143e+01 2.208116999999999892e-03 7.709931100000000015e+01 2.437395499999999871e+01 1.879963999999999817e-09 3.292365000000000208e+01 -4.818556999999999846e+01 -8.012197999999999889e-04
7.509272000000000169e+00 0.000000000000000000e+00 9.672503899999999533e+01 2.547840999999999908e-03 8.833946899999999403e+01 2.321329300000000018e+01 1.760947000000000082e-09 3.261482999999999777e+01 -5.329675999999999902e+01 -8.416930000000000201e-04
7.104068999999999967e+00 0.000000000000000000e+00 1.101412210000000016e+02 2.881086000000000150e-03 9.813668599999999742e+01 2.210790000000000077e+01 1.624778999999999937e-09 3.177067999999999870e+01 -5.785360000000000014e+01 -8.731973999999999552e-04
6.718161000000000271e+00 0.000000000000000000e+00 1.225216970000000032e+02 3.204189000000000082e-03 1.062053410000000042e+02 2.105514300000000105e+01 1.482314000000000058e-09 3.056393999999999878e+01 -6.178135999999999939e+01 -8.955665999999999714e-04
6.350629999999999775e+00 0.000000000000000000e+00 1.336666319999999928e+02 3.514165000000000084e-03 1.123884029999999967e+02 2.005251799999999918e+01 1.339962000000000010e-09 2.910836000000000112e+01 -6.515831000000000017e+01 -9.090867999999999779e-04
6.000600000000000378e+00 0.000000000000000000e+00 1.434061629999999923e+02 3.808643000000000011e-03 1.166103559999999959e+02 1.909763799999999989e+01 1.202497000000000009e-09 2.750294999999999845e+01 -6.791125999999999863e+01 -9.141018000000000103e-04
