2.925614500000000007e+01 9.999949999999999672e-01 3.215943999999999647e+01 6.136703999999999987e-04 7.435486799999999619e+01 8.253876499999999794e+01 4.447585999999999745e-12 1.992089999999999833e-02 -8.379716999999999988e-30 -1.806945000000000044e-34
2.781537799999999905e+01 9.999829999999999552e-01 2.949460399999999893e+01 5.981504000000000118e-04 6.961490000000000578e+01 7.860835199999999645e+01 9.162547999999999623e-12 4.283570999999999906e-02 -2.339049000000000032e-29 -5.061235000000000047e-34
2.644321800000000167e+01 9.999519999999999520e-01 2.706279899999999827e+01 5.837217999999999921e-04 6.263393500000000103e+01 7.486509900000000073e+01 2.020996000000000005e-11 9.865111999999999493e-02 -6.121935000000000207e-29 -1.332566000000000015e-33
2.513639999999999830e+01 9.998759999999999870e-01 2.484400400000000175e+01 5.702807999999999966e-04 5.310161300000000040e+01 7.130010000000000048e+01 4.295426000000000119e-11 2.188617999999999952e-01 -1.503391999999999974e-28 -3.288804000000000109e-33
2.389181100000000058e+01 9.997000000000000330e-01 2.281971100000000163e+01 5.577365999999999617e-04 4.224913600000000002e+01 6.790486099999999681e+01 8.794344000000000397e-11 4.675813999999999804e-01 -3.447228999999999934e-28 -7.574496999999999890e-33
2.270648800000000023e+01 9.993250000000000188e-01 2.097285199999999961e+01 5.460101000000000190e-04 3.296944299999999828e+01 6.467129799999999307e+01 1.669733000000000111e-10 9.259916999999999732e-01 -7.431545000000000011e-28 -1.639587999999999963e-32
2.157760800000000145e+01 9.985760000000000192e-01 1.928771700000000067e+01 5.350315000000000019e-04 2.625278000000000134e+01 6.159171500000000066e+01 2.977683000000000232e-10 1.722081999999999891e+00 -1.511720999999999993e-27 -3.347403000000000259e-32
2.050248500000000007e+01 9.971689999999999721e-01 1.774987300000000090e+01 5.247391000000000121e-04 2.177639800000000037e+01 5.865878000000000014e+01 4.965394000000000400e-10 2.993955999999999840e+00 -2.896037000000000078e-27 -6.434601999999999877e-32
1.947855799999999959e+01 9.946660000000000501e-01 1.634608400000000117e+01 5.150782000000000450e-04 1.871522699999999872e+01 5.586550499999999886e+01 7.848423999999999904e-10 4.932959000000000316e+00 -5.273750000000000278e-27 -1.175609000000000103e-31
1.850338899999999853e+01 9.904370000000000118e-01 1.506423299999999976e+01 5.060000000000000478e-04 1.651296200000000169e+01 5.320524600000000248e+01 1.171462999999999928e-09 7.673949999999999605e+00 -9.162559000000000186e-27 -2.048396999999999928e-31
1.757465699999999842e+01 9.836190000000000211e-01 1.389324300000000001e+01 4.974607000000000464e-04 1.476633600000000079e+01 5.067166499999999729e+01 1.756311999999999921e-09 1.198987999999999943e+01 -1.521741000000000063e-26 -3.411753000000000093e-31
1.669015100000000018e+01 9.730860000000000065e-01 1.282300399999999918e+01 4.894211000000000091e-04 1.339721800000000052e+01 4.825873299999999944e+01 2.405770999999999963e-09 1.711233999999999966e+01 -2.429382999999999962e-26 -5.461583000000000361e-31
1.584776300000000049e+01 9.574430000000000440e-01 1.184429899999999947e+01 4.818456999999999732e-04 1.223652900000000088e+01 4.596069800000000072e+01 3.168185999999999962e-09 2.347736000000000089e+01 -3.739004999999999759e-26 -8.428086999999999793e-31
1.504548999999999914e+01 9.350300000000000278e-01 1.094874599999999987e+01 4.747023999999999970e-04 1.122878200000000071e+01 4.377209700000000225e+01 3.986860999999999929e-09 3.077562999999999960e+01 -5.592296999999999632e-26 -1.263588000000000046e-30
1.428142000000000067e+01 9.039599999999999858e-01 1.012871600000000072e+01 4.679621000000000236e-04 1.033540299999999945e+01 4.168771300000000224e+01 4.849649000000000196e-09 3.899145000000000039e+01 -8.129083000000000217e-26 -1.841434999999999836e-30
1.355373400000000039e+01 8.621720000000000494e-01 9.377285000000000537e+00 4.615981999999999811e-04 9.535666000000000864e+00 3.970258599999999660e+01 5.686043000000000069e-09 4.761052000000000106e+01 -1.153588000000000007e-25 -2.619770999999999843e-30
1.286069999999999958e+01 8.075029999999999708e-01 8.688171999999999784e+00 4.555865000000000197e-04 8.802718999999999738e+00 3.781198899999999696e+01 7.060496999999999633e-09 6.156530000000000058e+01 -1.606384000000000091e-25 -3.657227000000000324e-30
1.220066699999999926e+01 7.377770000000000161e-01 8.055680000000000618e+00 4.499045999999999818e-04 8.148310000000000386e+00 3.601142099999999857e+01 7.859372000000000557e-09 7.135430999999999813e+01 -2.200896999999999867e-25 -5.023604000000000082e-30
1.157206399999999924e+01 6.508909999999999973e-01 7.474651999999999852e+00 4.445323000000000265e-04 7.551474999999999937e+00 3.429659199999999686e+01 8.536772000000000720e-09 8.068771999999999878e+01 -2.998203999999999787e-25 -6.860409000000000335e-30
1.097339500000000001e+01 5.449060000000000015e-01 6.940418000000000198e+00 4.394504999999999831e-04 7.006038000000000210e+00 3.266342300000000165e+01 9.012567000000000317e-09 8.867202000000000339e+01 -4.072034999999999817e-25 -9.339610000000000025e-30
1.040323399999999943e+01 4.181259999999999977e-01 6.448752999999999957e+00 4.346420000000000036e-04 6.506038000000000210e+00 3.110802400000000034e+01 9.317982000000000342e-09 9.541843000000000075e+01 -5.531889000000000240e-25 -1.271604999999999920e-29
9.860224000000000544e+00 2.691629999999999856e-01 5.995834000000000330e+00 4.300907000000000189e-04 6.047064999999999912e+00 2.962668999999999997e+01 9.413010999999999849e-09 1.003123999999999967e+02 -7.585051999999999973e-25 -1.746947999999999998e-29
9.343071000000000126e+00 9.698400000000000076e-02 5.578204999999999636e+00 4.257816000000000096e-04 5.619800999999999824e+00 2.821589799999999926e+01 1.048266999999999933e-08 1.162460999999999984e+02 -1.043957999999999959e-24 -2.409189000000000014e-29
8.850543999999999301e+00 0.000000000000000000e+00 5.192739000000000438e+00 4.217008999999999862e-04 5.231196999999999875e+00 2.687228400000000050e+01 1.026772999999999966e-08 1.184609999999999985e+02 -1.440727999999999947e-24 -3.330542999999999902e-29
8.381470999999999449e+00 0.000000000000000000e+00 4.836609000000000158e+00 4.178356999999999948e-04 4.872719000000000023e+00 2.559265200000000107e+01 9.914420000000000180e-09 1.189868000000000023e+02 -1.678462000000000102e-24 -3.887740999999999738e-29
7.934733999999999732e+00 0.000000000000000000e+00 4.507254999999999789e+00 4.141740999999999891e-04 4.541844000000000214e+00 2.437395499999999871e+01 9.393926999999999504e-09 1.172579999999999956e+02 -1.800011999999999896e-24 -4.177685000000000276e-29
7.509272000000000169e+00 0.000000000000000000e+00 4.202358000000000260e+00 4.107048999999999986e-04 4.235892999999999908e+00 2.321329300000000018e+01 8.799675000000000014e-09 1.142228000000000065e+02 -1.903737999999999857e-24 -4.426879000000000160e-29
7.104068999999999967e+00 0.000000000000000000e+00 3.919814999999999827e+00 4.074176000000000208e-04 3.952815999999999885e+00 2.210790000000000077e+01 8.119594999999999194e-09 1.095831000000000017e+02 -1.988311000000000140e-24 -4.631940000000000132e-29
6.718161000000000271e+00 0.000000000000000000e+00 3.657719000000000165e+00 4.043025999999999803e-04 3.690548000000000162e+00 2.105514300000000105e+01 7.407954000000000287e-09 1.039342000000000041e+02 -2.052795000000000006e-24 -4.790407000000000031e-29
6.350629999999999775e+00 0.000000000000000000e+00 3.414330000000000087e+00 4.013506999999999925e-04 3.447308000000000039e+00 2.005251799999999918e+01 6.696798999999999965e-09 9.765837000000000501e+01 -2.097406000000000047e-24 -4.902524000000000238e-29
6.000600000000000378e+00 0.000000000000000000e+00 3.188080999999999943e+00 3.985533999999999778e-04 3.221505000000000063e+00 1.909763799999999989e+01 6.010002000000000356e-09 9.108329999999999416e+01 -2.122357000000000163e-24 -4.968554000000000147e-29
