2.925614500000000007e+01 9.999949999999999672e-01 1.802753600000000134e+01 1.773470000000000081e-04 7.450439599999999984e+01 8.253876499999999794e+01 3.227954999999999850e-12 1.318125000000000026e-02 -6.723014999999999391e-30 -1.840458999999999997e-34
2.781537799999999905e+01 9.999829999999999552e-01 1.627244599999999863e+01 1.755124999999999904e-04 6.764896299999999485e+01 7.860835199999999645e+01 8.207977000000000216e-12 3.486377999999999699e-02 -1.879771999999999988e-29 -5.153455000000000309e-34
2.644321800000000167e+01 9.999519999999999520e-01 1.468550399999999989e+01 1.737382999999999896e-04 5.677835900000000180e+01 7.486509900000000073e+01 1.941006999999999910e-11 8.564099999999999491e-02 -4.933619999999999868e-29 -1.356036999999999931e-33
2.513639999999999830e+01 9.998759999999999870e-01 1.325100899999999982e+01 1.720217999999999867e-04 4.305909700000000129e+01 7.130010000000000048e+01 4.228446999999999703e-11 1.935655000000000014e-01 -1.214279999999999997e-28 -3.345794999999999775e-33
2.389181100000000058e+01 9.997000000000000330e-01 1.195466799999999985e+01 1.703606000000000033e-04 2.997711599999999876e+01 6.790486099999999681e+01 8.738299999999999955e-11 4.145841000000000109e-01 -2.789600000000000165e-28 -7.702782999999999745e-33
2.270648800000000023e+01 9.993260000000000476e-01 1.078347499999999926e+01 1.687522000000000002e-04 2.080889399999999867e+01 6.467129799999999307e+01 1.665046999999999927e-10 8.177708999999999673e-01 -6.023948000000000439e-28 -1.666682000000000043e-32
2.157760800000000145e+01 9.985770000000000479e-01 9.725611999999999924e+00 1.671946000000000001e-04 1.514019799999999982e+01 6.159171500000000066e+01 2.973769000000000053e-10 1.510548999999999920e+00 -1.227139000000000074e-27 -3.402160000000000087e-32
2.050248500000000007e+01 9.971700000000000008e-01 8.770334000000000074e+00 1.656857999999999985e-04 1.175758800000000015e+01 5.865878000000000014e+01 4.962128000000000507e-10 2.604384000000000032e+00 -2.353942999999999882e-27 -6.538014999999999971e-32
1.947855799999999959e+01 9.946679999999999966e-01 7.907884000000000135e+00 1.642238999999999982e-04 9.610742000000000118e+00 5.586550499999999886e+01 7.845700000000000111e-10 4.250833000000000084e+00 -4.291605000000000048e-27 -1.194085000000000102e-31
1.850338899999999853e+01 9.904399999999999871e-01 7.129406999999999606e+00 1.628070000000000016e-04 8.147418999999999301e+00 5.320524600000000248e+01 1.171237000000000057e-09 6.544774999999999565e+00 -7.463733000000000563e-27 -2.080438000000000078e-31
1.757465699999999842e+01 9.836240000000000538e-01 6.426866000000000412e+00 1.614336000000000124e-04 7.029454999999999565e+00 5.067166499999999729e+01 1.756123000000000058e-09 1.011129000000000033e+01 -1.240799999999999982e-26 -3.464488999999999918e-31
1.669015100000000018e+01 9.730950000000000433e-01 5.792971999999999788e+00 1.601020999999999998e-04 6.183797000000000210e+00 4.825873299999999944e+01 2.405613999999999961e-09 1.425674000000000063e+01 -1.982620999999999920e-26 -5.544421000000000323e-31
1.584776300000000049e+01 9.574570000000000025e-01 5.221118999999999843e+00 1.588111000000000015e-04 5.485018000000000171e+00 4.596069800000000072e+01 3.168055999999999880e-09 1.930432000000000059e+01 -3.054105999999999887e-26 -8.553863999999999781e-31
1.504548999999999914e+01 9.350509999999999655e-01 4.705324000000000062e+00 1.575589999999999868e-04 4.892019999999999591e+00 4.377209700000000225e+01 3.986753000000000243e-09 2.494930000000000092e+01 -4.571115999999999752e-26 -1.282334999999999955e-30
1.428142000000000067e+01 9.039909999999999890e-01 4.240161999999999765e+00 1.563446000000000074e-04 4.377149000000000179e+00 4.168771300000000224e+01 4.849559999999999950e-09 3.113049000000000177e+01 -6.650644999999999707e-26 -1.868521000000000096e-30
1.355373400000000039e+01 8.622149999999999537e-01 3.820727999999999902e+00 1.551665999999999994e-04 3.925183000000000089e+00 3.970258599999999660e+01 5.685968000000000150e-09 3.739151999999999987e+01 -9.446449000000000572e-26 -2.657857000000000062e-30
1.286069999999999958e+01 8.075620000000000021e-01 3.442578999999999834e+00 1.540237999999999872e-04 3.517780000000000129e+00 3.781198899999999696e+01 7.060436000000000040e-09 4.749965000000000259e+01 -1.316752999999999999e-25 -3.709821000000000146e-30
1.220066699999999926e+01 7.378559999999999564e-01 3.101697000000000148e+00 1.529151000000000024e-04 3.162417000000000034e+00 3.601142099999999857e+01 7.859320999999999189e-09 5.401830999999999960e+01 -1.805894000000000013e-25 -5.094509000000000023e-30
1.157206399999999924e+01 6.509949999999999903e-01 2.794448000000000043e+00 1.518392000000000081e-04 2.844911999999999885e+00 3.429659199999999686e+01 8.536730000000000567e-09 5.986222999999999672e+01 -2.462580000000000136e-25 -6.956553999999999976e-30
1.097339500000000001e+01 5.450390000000000512e-01 2.517546999999999979e+00 1.507950999999999888e-04 2.560884999999999856e+00 3.266342300000000165e+01 9.012532999999999405e-09 6.439538000000000295e+01 -3.347460999999999920e-25 -9.468081999999999970e-30
1.040323399999999943e+01 4.182939999999999992e-01 2.268022999999999900e+00 1.497817000000000029e-04 2.306141000000000219e+00 3.110802400000000034e+01 9.317953999999999688e-09 6.776305999999999585e+01 -4.551707999999999900e-25 -1.289016000000000013e-29
9.860224000000000544e+00 2.693710000000000271e-01 2.043194000000000177e+00 1.487979000000000005e-04 2.077567000000000164e+00 2.962668999999999997e+01 9.412988000000000789e-09 6.962000999999999351e+01 -6.245027999999999660e-25 -1.770820999999999872e-29
9.343071000000000126e+00 9.723800000000000499e-02 1.840635999999999939e+00 1.478426000000000132e-04 1.868891000000000080e+00 2.821589799999999926e+01 1.048264999999999957e-08 7.882980999999999483e+01 -8.600755000000000457e-25 -2.441687000000000095e-29
8.850543999999999301e+00 0.000000000000000000e+00 1.658158999999999939e+00 1.469149000000000052e-04 1.684673000000000087e+00 2.687228400000000050e+01 1.026770999999999990e-08 7.858498000000000161e+01 -1.187806999999999916e-24 -3.375741999999999985e-29
8.381470999999999449e+00 0.000000000000000000e+00 1.493786999999999976e+00 1.460136000000000008e-04 1.519090000000000051e+00 2.559265200000000107e+01 9.914406999999999345e-09 7.741967999999999961e+01 -1.384904000000000039e-24 -3.940610000000000163e-29
7.934733999999999732e+00 0.000000000000000000e+00 1.345736000000000043e+00 1.451377000000000114e-04 1.370371999999999924e+00 2.437395499999999871e+01 9.393915999999999307e-09 7.521197999999999695e+01 -1.486347000000000008e-24 -4.234066000000000049e-29
7.509272000000000169e+00 0.000000000000000000e+00 1.212393999999999972e+00 1.442860999999999872e-04 1.236656999999999895e+00 2.321329300000000018e+01 8.799666000000000454e-09 7.285433000000000447e+01 -1.573115000000000041e-24 -4.486194999999999938e-29
7.104068999999999967e+00 0.000000000000000000e+00 1.092308999999999974e+00 1.434576000000000069e-04 1.111164999999999958e+00 2.210790000000000077e+01 8.119588000000000272e-09 7.046426999999999907e+01 -1.644067999999999940e-24 -4.693587999999999982e-29
6.718161000000000271e+00 0.000000000000000000e+00 9.841670000000000140e-01 1.426512000000000006e-04 9.990210000000000479e-01 2.105514300000000105e+01 7.407948000000000029e-09 6.874370999999999299e+01 -1.698391999999999945e-24 -4.853762999999999755e-29
6.350629999999999775e+00 0.000000000000000000e+00 8.867859999999999632e-01 1.418656000000000127e-04 7.018680000000000474e-01 2.005251799999999918e+01 6.696794000000000025e-09 6.812183000000000277e+01 -1.736232000000000131e-24 -4.966981000000000199e-29
6.000600000000000378e+00 0.000000000000000000e+00 7.991150000000000198e-01 1.410995999999999865e-04 5.235200000000000270e-02 1.909763799999999989e+01 6.009997999999999908e-09 6.858253999999999451e+01 -1.757737999999999903e-24 -5.033518999999999948e-29
