2.925614500000000007e+01 9.999949999999999672e-01 4.361876800000000287e+01 9.746823999999999636e-04 7.651488600000000417e+01 8.253876499999999794e+01 2.557830999999999989e-12 1.191389999999999984e-02 -1.850424999999999889e-04 -3.568969999999999929e-09
2.781537799999999905e+01 9.999829999999999552e-01 4.007031500000000079e+01 9.421457999999999743e-04 7.312263799999999492e+01 7.860835199999999645e+01 3.140725999999999799e-12 1.528602000000000086e-02 -5.162790000000000218e-04 -9.997749999999999312e-09
2.644321800000000167e+01 9.999519999999999520e-01 3.683549200000000212e+01 9.124450000000000095e-04 6.944474499999999750e+01 7.486509900000000073e+01 5.143424999999999967e-12 2.616434999999999941e-02 -1.349567999999999992e-03 -2.632847000000000018e-08
2.513639999999999830e+01 9.998759999999999870e-01 3.388748700000000014e+01 8.852722999999999842e-04 6.514365800000000206e+01 7.130010000000000048e+01 9.519948999999999465e-12 5.060285999999999951e-02 -3.306170000000000202e-03 -6.499814999999999893e-08
2.389181100000000058e+01 9.997000000000000330e-01 3.120300500000000099e+01 8.603966000000000218e-04 5.969436000000000320e+01 6.790486099999999681e+01 1.837601999999999868e-11 1.020351000000000036e-01 -7.557056000000000363e-03 -1.497676999999999919e-07
2.270648800000000023e+01 9.993250000000000188e-01 2.876281399999999877e+01 8.376718999999999919e-04 5.301825800000000299e+01 6.467129799999999307e+01 3.406800999999999995e-11 1.975808000000000009e-01 -1.623691000000000023e-02 -3.243516999999999887e-07
2.157760800000000145e+01 9.985760000000000192e-01 2.655249099999999984e+01 8.170528000000000252e-04 4.556893600000000077e+01 6.159171500000000066e+01 6.013889999999999692e-11 3.642800999999999956e-01 -3.292252999999999846e-02 -6.624961999999999895e-07
2.050248500000000007e+01 9.971680000000000543e-01 2.456298200000000165e+01 7.986122999999999703e-04 3.845165699999999731e+01 5.865878000000000014e+01 9.982901999999999582e-11 6.316070000000000295e-01 -6.287413000000000030e-02 -1.274070000000000026e-06
1.947855799999999959e+01 9.946639999999999926e-01 2.279192300000000060e+01 7.825761000000000306e-04 3.243391100000000193e+01 5.586550499999999886e+01 1.574483000000000104e-10 1.040753000000000039e+00 -1.142007000000000022e-01 -2.328717000000000086e-06
1.850338899999999853e+01 9.904340000000000366e-01 2.124425799999999853e+01 7.693472999999999718e-04 2.782323200000000085e+01 5.320524600000000248e+01 2.347523999999999803e-10 1.621976000000000084e+00 -1.979197000000000040e-01 -4.056325999999999896e-06
1.757465699999999842e+01 9.836139999999999883e-01 1.993283699999999925e+01 7.595341000000000028e-04 2.422781000000000162e+01 5.067166499999999729e+01 3.517212000000000220e-10 2.542114000000000207e+00 -3.285969999999999724e-01 -6.761043000000000279e-06
1.669015100000000018e+01 9.730790000000000273e-01 1.887858500000000106e+01 7.539686000000000304e-04 2.184582999999999942e+01 4.825873299999999944e+01 4.816285999999999885e-10 3.645843999999999863e+00 -5.245075999999999627e-01 -1.082393999999999923e-05
1.584776300000000049e+01 9.574319999999999498e-01 1.811054800000000142e+01 7.537159000000000523e-04 2.021316099999999949e+01 4.596069800000000072e+01 6.341406000000000301e-10 5.036221000000000281e+00 -8.080308999999999964e-01 -1.670195000000000024e-05
1.504548999999999914e+01 9.350119999999999543e-01 1.767027399999999915e+01 7.601605000000000211e-04 1.921633800000000036e+01 4.377209700000000225e+01 7.979163999999999600e-10 6.663335000000000008e+00 -1.211357999999999935e+00 -2.503450999999999962e-05
1.428142000000000067e+01 9.039329999999999865e-01 1.760809400000000124e+01 7.749283999999999513e-04 1.877904399999999896e+01 4.168771300000000224e+01 9.705226000000000789e-10 8.546198999999999657e+00 -1.768213000000000035e+00 -3.646528000000000334e-05
1.355373400000000039e+01 8.621290000000000342e-01 1.798860000000000170e+01 7.999533999999999768e-04 1.890273799999999937e+01 3.970258599999999660e+01 1.137855000000000100e-09 1.059867000000000026e+01 -2.524846999999999841e+00 -5.182458999999999775e-05
1.286069999999999958e+01 8.074379999999999891e-01 1.890052700000000030e+01 8.376304000000000432e-04 1.956555099999999925e+01 3.781198899999999696e+01 1.412805999999999970e-09 1.396395000000000053e+01 -3.549446000000000101e+00 -7.229166999999999559e-05
1.220066699999999926e+01 7.376770000000000271e-01 2.045746600000000015e+01 8.907649000000000339e-04 2.097819000000000145e+01 3.601142099999999857e+01 1.572642999999999984e-09 1.654370000000000118e+01 -4.924528999999999712e+00 -9.915714999999999642e-05
1.157206399999999924e+01 6.507370000000000099e-01 2.284166099999999844e+01 9.633537999999999650e-04 2.322436000000000078e+01 3.429659199999999686e+01 1.708192999999999997e-09 1.917202999999999946e+01 -6.818315000000000126e+00 -1.351481999999999879e-04
1.097339500000000001e+01 5.446699999999999875e-01 2.631085699999999861e+01 1.060624000000000029e-03 2.653151899999999941e+01 3.266342300000000165e+01 1.803432000000000065e-09 2.163088000000000122e+01 -9.452137000000000455e+00 -1.835336000000000075e-04
1.040323399999999943e+01 4.177640000000000242e-01 3.120662199999999942e+01 1.189622999999999896e-03 3.118986900000000162e+01 3.110802400000000034e+01 1.864608000000000020e-09 2.391569000000000145e+01 -1.311444999999999972e+01 -2.491664000000000205e-04
9.860224000000000544e+00 2.686100000000000154e-01 3.806571600000000188e+01 1.361100000000000070e-03 3.764750000000000085e+01 2.962668999999999997e+01 1.883729000000000165e-09 2.583141000000000176e+01 -1.836508999999999858e+01 -3.412059000000000055e-04
9.343071000000000126e+00 9.614200000000000523e-02 4.764982599999999735e+01 1.588531000000000014e-03 4.661288799999999810e+01 2.821589799999999926e+01 2.097793000000000182e-09 3.072636999999999929e+01 -2.596201999999999899e+01 -4.685911000000000069e-04
8.850543999999999301e+00 0.000000000000000000e+00 6.104360499999999945e+01 1.889161000000000095e-03 5.875460900000000208e+01 2.687228400000000050e+01 2.054956000000000074e-09 3.210224999999999795e+01 -3.704292000000000229e+01 -6.438092999999999550e-04
8.381470999999999449e+00 0.000000000000000000e+00 7.588813899999999535e+01 2.220175000000000013e-03 7.169520300000000645e+01 2.559265200000000107e+01 1.984216999999999870e-09 3.293137000000000114e+01 -4.497874999999999801e+01 -7.453244999999999619e-04
7.934733999999999732e+00 0.000000000000000000e+00 9.058419000000000665e+01 2.554104000000000183e-03 8.384219799999999623e+01 2.437395499999999871e+01 1.879945999999999869e-09 3.303950999999999993e+01 -5.038080000000000069e+01 -7.942099999999999464e-04
7.509272000000000169e+00 0.000000000000000000e+00 1.047645420000000058e+02 2.886179999999999909e-03 9.481712699999999927e+01 2.321329300000000018e+01 1.760934000000000074e-09 3.270221999999999696e+01 -5.533015999999999934e+01 -8.345498000000000239e-04
7.104068999999999967e+00 0.000000000000000000e+00 1.181166470000000004e+02 3.212168000000000054e-03 1.042494099999999975e+02 2.210790000000000077e+01 1.624769000000000058e-09 3.183762000000000114e+01 -5.977026000000000039e+01 -8.659679000000000204e-04
6.718161000000000271e+00 0.000000000000000000e+00 1.304070989999999881e+02 3.528387999999999924e-03 1.119201000000000050e+02 2.105514300000000105e+01 1.482305999999999989e-09 3.061628999999999934e+01 -6.371898000000000195e+01 -8.882518000000000054e-04
6.350629999999999775e+00 0.000000000000000000e+00 1.414330219999999940e+02 3.831866000000000178e-03 1.176774209999999954e+02 2.005251799999999918e+01 1.339955000000000053e-09 2.914997999999999934e+01 -6.709832000000000107e+01 -9.017581999999999681e-04
6.000600000000000378e+00 0.000000000000000000e+00 1.510228820000000098e+02 4.120238000000000025e-03 1.214544729999999930e+02 1.909763799999999989e+01 1.202492000000000070e-09 2.753652999999999906e+01 -6.983593999999999369e+01 -9.068264000000000359e-04
