2.925614500000000007e+01 9.999949999999999672e-01 1.798857200000000134e+01 1.763567000000000118e-04 7.654823100000000125e+01 8.253876499999999794e+01 6.493739000000000185e-13 2.651932999999999981e-03 -1.343063999999999920e-05 -3.681149999999999742e-10
2.781537799999999905e+01 9.999829999999999552e-01 1.623570799999999892e+01 1.745418000000000100e-04 7.299181000000000097e+01 7.860835199999999645e+01 1.644735000000000059e-12 6.991339000000000060e-03 -3.760649999999999985e-05 -1.030669999999999916e-09
2.644321800000000167e+01 9.999519999999999520e-01 1.465090600000000087e+01 1.727885000000000076e-04 6.797137399999999730e+01 7.486509900000000073e+01 3.884970999999999926e-12 1.716099000000000097e-02 -9.892214999999999613e-05 -2.711666999999999876e-09
2.513639999999999830e+01 9.998759999999999870e-01 1.321857100000000074e+01 1.710970999999999987e-04 6.064667200000000236e+01 7.130010000000000048e+01 8.459935999999999304e-12 3.878000000000000197e-02 -2.435755000000000060e-04 -6.690351000000000071e-09
2.389181100000000058e+01 9.997000000000000330e-01 1.192459700000000034e+01 1.694703999999999894e-04 5.047921300000000144e+01 6.790486099999999681e+01 1.748010999999999952e-11 8.305840000000000445e-02 -5.595287000000000220e-04 -1.540267999999999959e-08
2.270648800000000023e+01 9.993260000000000476e-01 1.075631399999999971e+01 1.679158000000000094e-04 3.905833100000000258e+01 6.467129799999999307e+01 3.330545000000000285e-11 1.638630000000000086e-01 -1.207909000000000066e-03 -3.332788999999999708e-08
2.157760800000000145e+01 9.985770000000000479e-01 9.702455999999999747e+00 1.664480000000000029e-04 2.859733400000000003e+01 6.159171500000000066e+01 5.948158999999999798e-11 3.027510999999999952e-01 -2.459690999999999961e-03 -6.803299999999999781e-08
2.050248500000000007e+01 9.971700000000000008e-01 8.753118999999999872e+00 1.650907000000000015e-04 2.071358100000000135e+01 5.865878000000000014e+01 9.925130999999999989e-11 5.221168999999999949e-01 -4.716528999999999687e-03 -1.307439999999999960e-07
1.947855799999999959e+01 9.946679999999999966e-01 7.899792999999999843e+00 1.638816000000000133e-04 1.531675199999999926e+01 5.586550499999999886e+01 1.569263000000000043e-10 8.524907000000000457e-01 -8.597297999999999746e-03 -2.387910000000000105e-07
1.850338899999999853e+01 9.904399999999999871e-01 7.135353000000000279e+00 1.628746999999999942e-04 1.179654599999999931e+01 5.320524600000000248e+01 2.342642000000000212e-10 1.313263999999999987e+00 -1.495225000000000026e-02 -4.160441000000000084e-07
1.757465699999999842e+01 9.836240000000000538e-01 6.454010000000000247e+00 1.621430000000000093e-04 9.307876999999999512e+00 5.067166499999999729e+01 3.512471999999999883e-10 2.030768999999999824e+00 -2.486628999999999923e-02 -6.928131000000000431e-07
1.669015100000000018e+01 9.730950000000000433e-01 5.851323999999999970e+00 1.617818000000000034e-04 7.739028000000000240e+00 4.825873299999999944e+01 4.811520999999999850e-10 2.868392000000000053e+00 -3.975917999999999813e-02 -1.108710999999999955e-06
1.584776300000000049e+01 9.574570000000000025e-01 5.324095999999999940e+00 1.619093000000000051e-04 6.617557999999999829e+00 4.596069800000000072e+01 6.336478000000000005e-10 3.895783000000000218e+00 -6.131181000000000131e-02 -1.710412999999999899e-06
1.504548999999999914e+01 9.350509999999999655e-01 4.870605000000000295e+00 1.626758000000000121e-04 5.797274999999999956e+00 4.377209700000000225e+01 7.973954000000000400e-10 5.060299999999999798e+00 -9.191259999999999708e-02 -2.563914999999999914e-06
1.428142000000000067e+01 9.039899999999999602e-01 4.490230000000000388e+00 1.642558999999999870e-04 5.178931999999999647e+00 4.168771300000000224e+01 9.699652000000000328e-10 6.364614999999999689e+00 -1.340375000000000039e-01 -3.735479999999999936e-06
1.355373400000000039e+01 8.622140000000000359e-01 4.183686999999999934e+00 1.668569000000000118e-04 4.717073000000000071e+00 3.970258599999999660e+01 1.137256000000000028e-09 7.738400999999999641e+00 -1.910007999999999984e-01 -5.312580000000000049e-06
1.286069999999999958e+01 8.075599999999999445e-01 3.953431999999999835e+00 1.707315000000000102e-04 4.345869000000000426e+00 3.781198899999999696e+01 1.412157999999999995e-09 1.000517999999999930e+01 -2.674028999999999989e-01 -7.413536000000000403e-06
1.220066699999999926e+01 7.378519999999999524e-01 3.803682999999999925e+00 1.761788999999999879e-04 4.128360999999999947e+00 3.601142099999999857e+01 1.571942999999999976e-09 1.166830999999999996e+01 -3.688586999999999838e-01 -1.017753999999999980e-05
1.157206399999999924e+01 6.509859999999999536e-01 3.743339999999999890e+00 1.836259000000000133e-04 4.021179000000000059e+00 3.429659199999999686e+01 1.707434000000000000e-09 1.338002999999999965e+01 -5.067791999999999852e-01 -1.389196000000000074e-05
1.097339500000000001e+01 5.450249999999999817e-01 3.786148999999999987e+00 1.936286999999999915e-04 4.033533000000000257e+00 3.266342300000000165e+01 1.802604999999999898e-09 1.504870000000000019e+01 -6.955883999999999956e-01 -1.889737000000000098e-05
1.040323399999999943e+01 4.182690000000000019e-01 3.953361000000000125e+00 2.069407999999999957e-04 4.181264999999999787e+00 3.110802400000000034e+01 1.863700000000000089e-09 1.673867999999999867e+01 -9.576457999999999915e-01 -2.570967000000000011e-05
9.860224000000000544e+00 2.693289999999999851e-01 4.281552999999999720e+00 2.247068000000000015e-04 4.499757999999999925e+00 2.962668999999999997e+01 1.882719999999999884e-09 1.837180000000000035e+01 -1.334913000000000016e+00 -3.528787000000000270e-05
9.343071000000000126e+00 9.716900000000000537e-02 4.820329000000000086e+00 2.483761999999999819e-04 5.013067999999999635e+00 2.821589799999999926e+01 2.096666999999999828e-09 2.240926999999999936e+01 -1.875394999999999923e+00 -4.859654999999999807e-05
8.850543999999999301e+00 0.000000000000000000e+00 5.632384000000000057e+00 2.798721999999999798e-04 5.828545000000000087e+00 2.687228400000000050e+01 2.053696999999999924e-09 2.416773999999999845e+01 -2.638033000000000072e+00 -6.710063999999999525e-05
8.381470999999999449e+00 0.000000000000000000e+00 6.528813999999999673e+00 3.148828999999999799e-04 6.729334999999999845e+00 2.559265200000000107e+01 1.983029000000000018e-09 2.551173999999999964e+01 -3.130014000000000074e+00 -7.821243000000000563e-05
7.934733999999999732e+00 0.000000000000000000e+00 7.392777999999999849e+00 3.505566000000000107e-04 7.597608000000000139e+00 2.437395499999999871e+01 1.878912999999999796e-09 2.619372999999999863e+01 -3.423608999999999902e+00 -8.390947000000000488e-05
7.509272000000000169e+00 0.000000000000000000e+00 8.207416000000000267e+00 3.863833000000000111e-04 8.414941000000000670e+00 2.321329300000000018e+01 1.760045999999999900e-09 2.641867999999999839e+01 -3.692769999999999886e+00 -8.876884000000000575e-05
7.104068999999999967e+00 0.000000000000000000e+00 8.957506999999999664e+00 4.218965000000000085e-04 9.166833999999999705e+00 2.210790000000000077e+01 1.624014000000000096e-09 2.612068999999999974e+01 -3.932021999999999906e+00 -9.272855999999999569e-05
6.718161000000000271e+00 0.000000000000000000e+00 9.629670000000000840e+00 4.566783000000000149e-04 9.839086999999999250e+00 2.105514300000000105e+01 1.481671999999999927e-09 2.544121000000000166e+01 -4.136224000000000345e+00 -9.574582000000000210e-05
6.350629999999999775e+00 0.000000000000000000e+00 1.021260900000000049e+01 4.903767999999999972e-04 1.041988199999999942e+01 2.005251799999999918e+01 1.339427999999999978e-09 2.448017000000000110e+01 -4.300976999999999606e+00 -9.783356999999999579e-05
6.000600000000000378e+00 0.000000000000000000e+00 1.069378700000000038e+01 5.227012000000000498e-04 1.089646399999999993e+01 1.909763799999999989e+01 1.202056999999999957e-09 2.332772999999999897e+01 -4.412722999999999729e+00 -9.901411000000000533e-05
